    1.0000         0   63.0000    7.9400         0         0         0         0
    1.0000    1.0000   63.0000    7.9400         0         0         0         0
    1.0000         0   63.0000    7.9400    1.0000         0         0         0
    1.0000    1.0000   63.0000    7.9400    1.0000         0    1.0000         0
    1.0000         0   63.0000    7.9400         0    1.0000         0         0
    1.0000    1.0000   63.0000    7.9400         0    1.0000         0    1.0000
    1.0000         0   13.0000    5.1000         0         0         0         0
    1.0000    1.0000   13.0000    5.1000         0         0         0         0
    1.0000         0   13.0000    5.1000    1.0000         0         0         0
    1.0000    1.0000   13.0000    5.1000    1.0000         0    1.0000         0
    1.0000         0   13.0000    5.1000         0    1.0000         0         0
    1.0000    1.0000   13.0000    5.1000         0    1.0000         0    1.0000
    1.0000         0   72.0000   10.7400         0         0         0         0
    1.0000    1.0000   72.0000   10.7400         0         0         0         0
    1.0000         0   72.0000   10.7400    1.0000         0         0         0
    1.0000    1.0000   72.0000   10.7400    1.0000         0    1.0000         0
    1.0000         0   72.0000   10.7400         0    1.0000         0         0
    1.0000    1.0000   72.0000   10.7400         0    1.0000         0    1.0000
    1.0000         0   63.0000    8.9600         0         0         0         0
    1.0000    1.0000   63.0000    8.9600         0         0         0         0
    1.0000         0   63.0000    8.9600    1.0000         0         0         0
    1.0000    1.0000   63.0000    8.9600    1.0000         0    1.0000         0
    1.0000         0   63.0000    8.9600         0    1.0000         0         0
    1.0000    1.0000   63.0000    8.9600         0    1.0000         0    1.0000
    1.0000         0   67.0000    9.9400         0         0         0         0
    1.0000    1.0000   67.0000    9.9400         0         0         0         0
    1.0000         0   67.0000    9.9400    1.0000         0         0         0
    1.0000    1.0000   67.0000    9.9400    1.0000         0    1.0000         0
    1.0000         0   67.0000    9.9400         0    1.0000         0         0
    1.0000    1.0000   67.0000    9.9400         0    1.0000         0    1.0000

